0,459
0,458
24,4
36,35
24,5
25,4
28,5
29,1
29,4
27,4
26,4
32,4
31,6
30,4
24,1
24,3
25,1
25,3
27,1
27,3
26,1
26,3
28,1
28,3
32,1
32,3
31,1
31,3
30,1
30,3
3,2
3,1
3,3
10,294
10,248
10,266
10,92
10,158
10,256
10,82
10,1
10,132
10,2
10,3
11,26
11,17
11,12
11,16
11,22
11,28
11,1
11,24
11,2
11,3
9,7
9,4
9,1
9,6
9,2
9,3
8,16
8,9
8,12
8,11
8,1
8,4
8,2
8,3
12,2
12,1
12,3
20,2
20,1
20,3
19,2
19,1
19,3
35,8
35,7
35,6
35,5
35,4
35,3
35,2
35,1
35,0
34,5
34,4
34,3
34,2
34,1
34,0
33,99
33,98
18,1
33,97
18,3
33,96
33,95
33,94
33,93
33,92
33,91
33,90
14,3
33,89
13,1
33,88
13,3
